[356, (38.0, 42.0), (42.0, 45.0), (45.0, 57.0), (57.0, 64.0), (64.0, 68.0), (68.0, 84.0), (84.0, 121.0), (121.0, 132.0), (132.0, 140.0), (140.0, 144.0), (144.0, 169.0), (169.0, 177.0), (177.0, 198.0), (198.0, 200.0), (200.0, 201.0), (201.0, 202.0), (202.0, 226.0), (226.0, 263.0), (263.0, 282.0), (282.0, 288.0), (288.0, 301.0), (301.0, 304.0), (304.0, 307.0), (307.0, 330.0), (330.0, 357.0), (357.0, 391.0), (391.0, 414.0), (414.0, 446.0), (446.0, 474.0), (474.0, 480.0), (480.0, 489.0), (489.0, 517.0), (517.0, 552.0), (552.0, 570.0), (570.0, 590.0), (590.0, 597.0), (597.0, 600.0)]
[597, (38.0, 42.0), (42.0, 45.0), (45.0, 57.0), (57.0, 64.0), (64.0, 68.0), (68.0, 84.0), (84.0, 121.0), (121.0, 140.0), (140.0, 144.0), (144.0, 169.0), (169.0, 177.0), (177.0, 198.0), (198.0, 200.0), (200.0, 201.0), (201.0, 263.0), (263.0, 282.0), (282.0, 288.0), (288.0, 301.0), (301.0, 304.0), (304.0, 307.0), (307.0, 330.0), (330.0, 357.0), (357.0, 414.0), (414.0, 446.0), (446.0, 474.0), (474.0, 480.0), (480.0, 489.0), (489.0, 517.0), (517.0, 552.0), (552.0, 570.0), (570.0, 590.0), (590.0, 594.0), (594.0, 597.0)]
[296, (38.0, 42.0), (42.0, 45.0), (45.0, 57.0), (57.0, 64.0), (64.0, 68.0), (68.0, 84.0), (84.0, 121.0), (121.0, 132.0), (132.0, 140.0), (140.0, 144.0), (144.0, 177.0), (177.0, 198.0), (198.0, 200.0), (200.0, 201.0), (201.0, 202.0), (202.0, 226.0), (226.0, 263.0), (263.0, 282.0), (282.0, 288.0), (288.0, 301.0), (301.0, 304.0), (304.0, 307.0), (307.0, 330.0), (330.0, 357.0), (357.0, 391.0), (391.0, 414.0), (414.0, 446.0), (446.0, 474.0), (474.0, 480.0), (480.0, 489.0), (489.0, 552.0), (552.0, 590.0), (590.0, 600.0)]
[780, (42.0, 45.0), (45.0, 57.0), (57.0, 64.0), (64.0, 68.0), (68.0, 121.0), (121.0, 140.0), (140.0, 144.0), (144.0, 177.0), (177.0, 198.0), (198.0, 200.0), (200.0, 201.0), (201.0, 202.0), (202.0, 226.0), (226.0, 282.0), (282.0, 288.0), (288.0, 301.0), (301.0, 304.0), (304.0, 307.0), (307.0, 330.0), (330.0, 357.0), (357.0, 391.0), (391.0, 414.0), (414.0, 446.0), (446.0, 474.0), (474.0, 480.0), (480.0, 489.0), (489.0, 517.0), (517.0, 552.0), (552.0, 570.0), (570.0, 590.0), (590.0, 594.0), (594.0, 597.0)]
[480, (38.0, 45.0), (45.0, 57.0), (57.0, 64.0), (64.0, 68.0), (68.0, 84.0), (84.0, 140.0), (140.0, 144.0), (144.0, 169.0), (169.0, 177.0), (177.0, 198.0), (198.0, 200.0), (200.0, 201.0), (201.0, 202.0), (202.0, 226.0), (226.0, 282.0), (282.0, 288.0), (288.0, 301.0), (301.0, 304.0), (304.0, 307.0), (307.0, 330.0), (330.0, 357.0), (357.0, 391.0), (391.0, 414.0), (414.0, 446.0), (446.0, 474.0), (474.0, 480.0), (480.0, 489.0), (489.0, 517.0), (517.0, 590.0), (590.0, 594.0), (594.0, 597.0)]
[377, (38.0, 57.0), (57.0, 64.0), (64.0, 68.0), (68.0, 84.0), (84.0, 121.0), (121.0, 140.0), (140.0, 144.0), (144.0, 169.0), (169.0, 177.0), (177.0, 200.0), (200.0, 202.0), (202.0, 226.0), (226.0, 263.0), (263.0, 282.0), (282.0, 288.0), (288.0, 301.0), (301.0, 304.0), (304.0, 307.0), (307.0, 330.0), (330.0, 391.0), (391.0, 414.0), (414.0, 446.0), (446.0, 474.0), (474.0, 480.0), (480.0, 489.0), (489.0, 517.0), (517.0, 570.0), (570.0, 590.0), (590.0, 594.0), (594.0, 597.0), (597.0, 600.0)]
[150, (38.0, 42.0), (42.0, 45.0), (45.0, 57.0), (57.0, 68.0), (68.0, 84.0), (84.0, 121.0), (121.0, 140.0), (140.0, 144.0), (144.0, 169.0), (169.0, 177.0), (177.0, 200.0), (200.0, 201.0), (201.0, 202.0), (202.0, 226.0), (226.0, 263.0), (263.0, 282.0), (282.0, 288.0), (288.0, 304.0), (304.0, 307.0), (307.0, 330.0), (330.0, 357.0), (357.0, 391.0), (391.0, 414.0), (414.0, 446.0), (446.0, 474.0), (474.0, 480.0), (480.0, 489.0), (489.0, 570.0), (570.0, 590.0), (590.0, 594.0)]
[1270, (42.0, 45.0), (45.0, 57.0), (57.0, 68.0), (68.0, 84.0), (84.0, 132.0), (132.0, 140.0), (140.0, 169.0), (169.0, 177.0), (177.0, 198.0), (198.0, 200.0), (200.0, 201.0), (201.0, 202.0), (202.0, 226.0), (226.0, 282.0), (282.0, 288.0), (288.0, 301.0), (301.0, 304.0), (304.0, 307.0), (307.0, 330.0), (330.0, 357.0), (357.0, 391.0), (391.0, 414.0), (414.0, 474.0), (474.0, 480.0), (480.0, 489.0), (489.0, 517.0), (517.0, 570.0), (570.0, 590.0), (590.0, 597.0), (597.0, 600.0)]
[1580, (42.0, 45.0), (45.0, 57.0), (57.0, 64.0), (64.0, 68.0), (68.0, 140.0), (140.0, 144.0), (144.0, 169.0), (169.0, 177.0), (177.0, 198.0), (198.0, 200.0), (200.0, 201.0), (201.0, 202.0), (202.0, 226.0), (226.0, 263.0), (263.0, 282.0), (282.0, 288.0), (288.0, 304.0), (304.0, 307.0), (307.0, 330.0), (330.0, 357.0), (357.0, 391.0), (391.0, 414.0), (414.0, 474.0), (474.0, 480.0), (480.0, 489.0), (489.0, 517.0), (517.0, 570.0), (570.0, 590.0), (590.0, 594.0), (594.0, 597.0)]
[593, (38.0, 42.0), (42.0, 45.0), (45.0, 57.0), (57.0, 64.0), (64.0, 68.0), (68.0, 84.0), (84.0, 132.0), (132.0, 140.0), (140.0, 144.0), (144.0, 177.0), (177.0, 198.0), (198.0, 201.0), (201.0, 202.0), (202.0, 263.0), (263.0, 282.0), (282.0, 288.0), (288.0, 304.0), (304.0, 307.0), (307.0, 330.0), (330.0, 357.0), (357.0, 391.0), (391.0, 414.0), (414.0, 446.0), (446.0, 474.0), (474.0, 480.0), (480.0, 489.0), (489.0, 517.0), (517.0, 590.0), (590.0, 594.0), (594.0, 600.0)]
[2571, (42.0, 45.0), (45.0, 57.0), (57.0, 64.0), (64.0, 68.0), (68.0, 132.0), (132.0, 140.0), (140.0, 144.0), (144.0, 169.0), (169.0, 177.0), (177.0, 198.0), (198.0, 200.0), (200.0, 202.0), (202.0, 226.0), (226.0, 263.0), (263.0, 282.0), (282.0, 288.0), (288.0, 304.0), (304.0, 307.0), (307.0, 330.0), (330.0, 391.0), (391.0, 414.0), (414.0, 474.0), (474.0, 480.0), (480.0, 489.0), (489.0, 517.0), (517.0, 552.0), (552.0, 570.0), (570.0, 590.0), (590.0, 594.0), (594.0, 600.0)]
[500, (38.0, 45.0), (45.0, 57.0), (57.0, 64.0), (64.0, 68.0), (68.0, 84.0), (84.0, 132.0), (132.0, 140.0), (140.0, 144.0), (144.0, 169.0), (169.0, 177.0), (177.0, 200.0), (200.0, 226.0), (226.0, 263.0), (263.0, 282.0), (282.0, 288.0), (288.0, 301.0), (301.0, 304.0), (304.0, 307.0), (307.0, 330.0), (330.0, 357.0), (357.0, 391.0), (391.0, 414.0), (414.0, 446.0), (446.0, 474.0), (474.0, 480.0), (480.0, 489.0), (489.0, 517.0), (517.0, 590.0), (590.0, 597.0)]
[2628, (42.0, 45.0), (45.0, 57.0), (57.0, 68.0), (68.0, 132.0), (132.0, 140.0), (140.0, 169.0), (169.0, 177.0), (177.0, 198.0), (198.0, 200.0), (200.0, 201.0), (201.0, 202.0), (202.0, 226.0), (226.0, 263.0), (263.0, 288.0), (288.0, 304.0), (304.0, 307.0), (307.0, 330.0), (330.0, 357.0), (357.0, 391.0), (391.0, 414.0), (414.0, 474.0), (474.0, 480.0), (480.0, 489.0), (489.0, 552.0), (552.0, 570.0), (570.0, 590.0), (590.0, 594.0), (594.0, 597.0), (597.0, 600.0)]
[1210, (42.0, 45.0), (45.0, 57.0), (57.0, 64.0), (64.0, 68.0), (68.0, 84.0), (84.0, 132.0), (132.0, 140.0), (140.0, 177.0), (177.0, 198.0), (198.0, 200.0), (200.0, 201.0), (201.0, 202.0), (202.0, 226.0), (226.0, 263.0), (263.0, 288.0), (288.0, 304.0), (304.0, 307.0), (307.0, 330.0), (330.0, 357.0), (357.0, 391.0), (391.0, 414.0), (414.0, 474.0), (474.0, 480.0), (480.0, 517.0), (517.0, 570.0), (570.0, 590.0), (590.0, 594.0), (594.0, 597.0), (597.0, 600.0)]
[1, (45.0, 57.0), (57.0, 64.0), (64.0, 68.0), (68.0, 121.0), (121.0, 132.0), (132.0, 140.0), (140.0, 144.0), (144.0, 169.0), (169.0, 177.0), (177.0, 200.0), (200.0, 201.0), (201.0, 202.0), (202.0, 226.0), (226.0, 263.0), (263.0, 282.0), (282.0, 288.0), (288.0, 304.0), (304.0, 307.0), (307.0, 330.0), (330.0, 357.0), (357.0, 391.0), (391.0, 414.0), (414.0, 474.0), (474.0, 480.0), (480.0, 517.0), (517.0, 570.0), (570.0, 590.0), (590.0, 597.0), (597.0, 600.0)]
[2858, (45.0, 57.0), (57.0, 64.0), (64.0, 68.0), (68.0, 132.0), (132.0, 140.0), (140.0, 144.0), (144.0, 177.0), (177.0, 198.0), (198.0, 200.0), (200.0, 201.0), (201.0, 202.0), (202.0, 226.0), (226.0, 263.0), (263.0, 282.0), (282.0, 301.0), (301.0, 304.0), (304.0, 307.0), (307.0, 330.0), (330.0, 357.0), (357.0, 391.0), (391.0, 414.0), (414.0, 474.0), (474.0, 480.0), (480.0, 489.0), (489.0, 517.0), (517.0, 570.0), (570.0, 590.0), (590.0, 597.0), (597.0, 600.0)]
[110, (38.0, 42.0), (42.0, 45.0), (45.0, 57.0), (57.0, 64.0), (64.0, 68.0), (68.0, 121.0), (121.0, 140.0), (140.0, 144.0), (144.0, 198.0), (198.0, 200.0), (200.0, 202.0), (202.0, 263.0), (263.0, 288.0), (288.0, 301.0), (301.0, 304.0), (304.0, 307.0), (307.0, 330.0), (330.0, 357.0), (357.0, 391.0), (391.0, 414.0), (414.0, 474.0), (474.0, 480.0), (480.0, 489.0), (489.0, 517.0), (517.0, 570.0), (570.0, 590.0), (590.0, 594.0), (594.0, 597.0), (597.0, 600.0)]
[2683, (42.0, 45.0), (45.0, 57.0), (57.0, 64.0), (64.0, 68.0), (68.0, 132.0), (132.0, 140.0), (140.0, 144.0), (144.0, 169.0), (169.0, 177.0), (177.0, 200.0), (200.0, 201.0), (201.0, 226.0), (226.0, 263.0), (263.0, 282.0), (282.0, 307.0), (307.0, 330.0), (330.0, 357.0), (357.0, 391.0), (391.0, 414.0), (414.0, 474.0), (474.0, 480.0), (480.0, 489.0), (489.0, 517.0), (517.0, 552.0), (552.0, 570.0), (570.0, 590.0), (590.0, 597.0), (597.0, 600.0)]
[1196, (42.0, 45.0), (45.0, 57.0), (57.0, 64.0), (64.0, 68.0), (68.0, 84.0), (84.0, 132.0), (132.0, 140.0), (140.0, 177.0), (177.0, 198.0), (198.0, 200.0), (200.0, 201.0), (201.0, 202.0), (202.0, 226.0), (226.0, 263.0), (263.0, 288.0), (288.0, 304.0), (304.0, 307.0), (307.0, 330.0), (330.0, 357.0), (357.0, 391.0), (391.0, 414.0), (414.0, 474.0), (474.0, 480.0), (480.0, 552.0), (552.0, 570.0), (570.0, 590.0), (590.0, 597.0), (597.0, 600.0)]
[1265, (42.0, 45.0), (45.0, 57.0), (57.0, 64.0), (64.0, 68.0), (68.0, 84.0), (84.0, 140.0), (140.0, 144.0), (144.0, 169.0), (169.0, 177.0), (177.0, 198.0), (198.0, 202.0), (202.0, 226.0), (226.0, 282.0), (282.0, 288.0), (288.0, 304.0), (304.0, 307.0), (307.0, 330.0), (330.0, 357.0), (357.0, 391.0), (391.0, 414.0), (414.0, 474.0), (474.0, 480.0), (480.0, 489.0), (489.0, 517.0), (517.0, 570.0), (570.0, 590.0), (590.0, 597.0), (597.0, 600.0)]
